Name	energy/eV	pauling1	ionization1	affinity1	bulknn1	rd1	coupling_m1	work_function1	pauling2	ionization2	affinity2	bulknn2	rd2	coupling_m2	work_function2	d_center	d_skew	d_kurt	d_fill	sp_fill
Ag/Au(111)	-0.1887	1.93	7.576	1.304	2.9261	0.89	2.26	4.427	2.54	9.226	2.309	2.9373	1.01	3.35	5.28	-3.784	10.4368	3.1173	9.5011	0.6132
Cu/Au(111)	-1.1351	1.9	7.726	1.236	2.5652	0.67	1	4.719	2.54	9.226	2.309	2.9373	1.01	3.35	5.28	-1.8185	44.4671	6.1672	9.4698	0.5479
Pt/Au(111)	-1.3064	2.28	8.959	2.125	2.8038	1.04	3.9	5.75	2.54	9.226	2.309	2.9373	1.01	3.35	5.28	-1.6337	8.1655	2.5861	7.6899	0.8962
Pd/Au(111)	-1.4683	2.2	8.337	0.562	2.7846	0.94	2.78	5.21	2.54	9.226	2.309	2.9373	1.01	3.35	5.28	-1.1006	40.1218	5.4975	9.5625	0.7011
Rh/Au(111)	-2.5951	2.28	7.459	1.143	2.704	0.99	3.32	5.078	2.54	9.226	2.309	2.9373	1.01	3.35	5.28	-0.9486	6.3251	2.4496	6.9525	0.6402
Au/Ag(111)	-0.1626	2.54	9.226	2.309	2.9373	1.01	3.35	5.28	1.93	7.576	1.304	2.9261	0.89	2.26	4.427	-3.0684	9.5614	2.949	8.2972	0.7919
Pt/Ag(111)	-1.4523	2.28	8.959	2.125	2.8038	1.04	3.9	5.75	1.93	7.576	1.304	2.9261	0.89	2.26	4.427	-1.5601	7.4069	2.6164	8.5069	0.9668
Pd/Ag(111)	-1.2847	2.2	8.337	0.562	2.7846	0.94	2.78	5.21	1.93	7.576	1.304	2.9261	0.89	2.26	4.427	-1.1624	18.5698	3.7474	7.9143	0.6225
Ir/Ag(111)	-2.1747	2.2	9.121	1.564	2.7388	1.08	4.45	5.489	1.93	7.576	1.304	2.9261	0.89	2.26	4.427	-1.4646	29.8408	4.1322	7.568	1.0869
Rh/Ag(111)	-2.3307	2.28	7.459	1.143	2.704	0.99	3.32	5.078	1.93	7.576	1.304	2.9261	0.89	2.26	4.427	-0.972	3.8892	2.1754	7.3714	0.6418
Pt/Cu(111)	-1.1551	2.28	8.959	2.125	2.8038	1.04	3.9	5.75	1.9	7.726	1.236	2.5652	0.67	1	4.719	-2.1799	5.5498	2.1685	8.1803	1.336
Pd/Cu(111)	-0.8607	2.2	8.337	0.562	2.7846	0.94	2.78	5.21	1.9	7.726	1.236	2.5652	0.67	1	4.719	-2.056	5.5383	2.2864	8.4137	1.0261
Ir/Cu(111)	-1.8404	2.2	9.121	1.564	2.7388	1.08	4.45	5.489	1.9	7.726	1.236	2.5652	0.67	1	4.719	-1.7443	14.4879	2.8043	6.7861	1.3241
Rh/Cu(111)	-1.6481	2.28	7.459	1.143	2.704	0.99	3.32	5.078	1.9	7.726	1.236	2.5652	0.67	1	4.719	-1.5702	2.0252	1.6461	7.6816	1.0438
Ni/Cu(111)	-1.6823	1.91	7.64	1.157	2.4842	0.71	1.16	4.945	1.9	7.726	1.236	2.5652	0.67	1	4.719	-0.6771	18.2612	3.8913	8.0828	0.7483
Au/Pt(111)	-0.2237	2.54	9.226	2.309	2.9373	1.01	3.35	5.28	2.28	8.959	2.125	2.8038	1.04	3.9	5.75	-3.0242	4.2916	2.1658	8.5282	0.8455
Ag/Pt(111)	-0.2081	1.93	7.576	1.304	2.9261	0.89	2.26	4.427	2.28	8.959	2.125	2.8038	1.04	3.9	5.75	-3.5759	16.9582	3.6223	9.4344	0.6691
Cu/Pt(111)	-1.0818	1.9	7.726	1.236	2.5652	0.67	1	4.719	2.28	8.959	2.125	2.8038	1.04	3.9	5.75	-1.7016	22.3843	4.5503	10.0523	0.6247
Pd/Pt(111)	-1.4017	2.2	8.337	0.562	2.7846	0.94	2.78	5.21	2.28	8.959	2.125	2.8038	1.04	3.9	5.75	-1.6485	3.5637	2.1192	8.9828	0.8256
Ir/Pt(111)	-2.5448	2.2	9.121	1.564	2.7388	1.08	4.45	5.489	2.28	8.959	2.125	2.8038	1.04	3.9	5.75	-1.5709	5.1012	2.1546	6.5542	1.0783
Rh/Pt(111)	-2.1206	2.28	7.459	1.143	2.704	0.99	3.32	5.078	2.28	8.959	2.125	2.8038	1.04	3.9	5.75	-1.384	2.582	1.8606	7.4347	0.8138
Ni/Pt(111)	-1.9398	1.91	7.64	1.157	2.4842	0.71	1.16	4.945	2.28	8.959	2.125	2.8038	1.04	3.9	5.75	-1.0288	9.2163	3.0258	8.18	0.663
Au/Pd(111)	-0.1873	2.54	9.226	2.309	2.9373	1.01	3.35	5.28	2.2	8.337	0.562	2.7846	0.94	2.78	5.21	-3.0926	7.0701	2.4773	8.9135	0.9284
Ag/Pd(111)	-0.2253	1.93	7.576	1.304	2.9261	0.89	2.26	4.427	2.2	8.337	0.562	2.7846	0.94	2.78	5.21	-3.5459	14.3116	3.4245	8.8011	0.6863
Cu/Pd(111)	-0.9897	1.9	7.726	1.236	2.5652	0.67	1	4.719	2.2	8.337	0.562	2.7846	0.94	2.78	5.21	-1.5816	15.4351	3.6961	8.8158	0.6153
Pt/Pd(111)	-1.6418	2.28	8.959	2.125	2.8038	1.04	3.9	5.75	2.2	8.337	0.562	2.7846	0.94	2.78	5.21	-1.782	1.0126	1.4615	8.3373	1.1251
Ir/Pd(111)	-2.3582	2.2	9.121	1.564	2.7388	1.08	4.45	5.489	2.2	8.337	0.562	2.7846	0.94	2.78	5.21	-1.5309	2.9796	1.6984	6.6789	1.091
Rh/Pd(111)	-2.1297	2.28	7.459	1.143	2.704	0.99	3.32	5.078	2.2	8.337	0.562	2.7846	0.94	2.78	5.21	-1.3476	3.0209	1.7859	7.5626	0.8344
Ni/Pd(111)	-1.8959	1.91	7.64	1.157	2.4842	0.71	1.16	4.945	2.2	8.337	0.562	2.7846	0.94	2.78	5.21	-1.0008	7.7877	2.7552	8.5124	0.7033
Au/Ir(111)	-0.2736	2.54	9.226	2.309	2.9373	1.01	3.35	5.28	2.2	9.121	1.564	2.7388	1.08	4.45	5.489	-3.4575	3.0523	1.9015	7.6123	0.888
Ag/Ir(111)	-0.3094	1.93	7.576	1.304	2.9261	0.89	2.26	4.427	2.2	9.121	1.564	2.7388	1.08	4.45	5.489	-3.9068	6.2027	2.5214	8.9052	0.7442
Cu/Ir(111)	-1.057	1.9	7.726	1.236	2.5652	0.67	1	4.719	2.2	9.121	1.564	2.7388	1.08	4.45	5.489	-1.9534	21.9555	4.3691	9.9166	0.7207
Pt/Ir(111)	-1.3053	2.28	8.959	2.125	2.8038	1.04	3.9	5.75	2.2	9.121	1.564	2.7388	1.08	4.45	5.489	-2.4388	4.9982	2.03	7.9011	1.2172
Pd/Ir(111)	-1.2529	2.2	8.337	0.562	2.7846	0.94	2.78	5.21	2.2	9.121	1.564	2.7388	1.08	4.45	5.489	-2.0617	23.3032	3.7259	8.4597	0.9067
Rh/Ir(111)	-1.9162	2.28	7.459	1.143	2.704	0.99	3.32	5.078	2.2	9.121	1.564	2.7388	1.08	4.45	5.489	-1.619	29.9483	4.1786	7.7751	0.8667
Ni/Ir(111)	-1.8269	1.91	7.64	1.157	2.4842	0.71	1.16	4.945	2.2	9.121	1.564	2.7388	1.08	4.45	5.489	-1.1404	9.711	3.0993	9.1337	0.7379
Au/Rh(111)	-0.2411	2.54	9.226	2.309	2.9373	1.01	3.35	5.28	2.28	7.459	1.143	2.704	0.99	3.32	5.078	-3.5158	6.5505	2.4333	8.8471	1.0278
Ag/Rh(111)	-0.0906	1.93	7.576	1.304	2.9261	0.89	2.26	4.427	2.28	7.459	1.143	2.704	0.99	3.32	5.078	-3.9264	6.9071	2.5725	8.3491	0.747
Cu/Rh(111)	-0.9506	1.9	7.726	1.236	2.5652	0.67	1	4.719	2.28	7.459	1.143	2.704	0.99	3.32	5.078	-1.8788	17.0487	3.8118	8.304	0.6833
Pt/Rh(111)	-1.3527	2.28	8.959	2.125	2.8038	1.04	3.9	5.75	2.28	7.459	1.143	2.704	0.99	3.32	5.078	-2.354	2.3535	1.546	8.1275	1.2014
Pd/Rh(111)	-1.2179	2.2	8.337	0.562	2.7846	0.94	2.78	5.21	2.28	7.459	1.143	2.704	0.99	3.32	5.078	-1.9255	2.8338	1.8198	8.5129	0.923
Ir/Rh(111)	-1.9757	2.2	9.121	1.564	2.7388	1.08	4.45	5.489	2.28	7.459	1.143	2.704	0.99	3.32	5.078	-1.9606	1.5965	1.3847	6.907	1.2399
Ni/Rh(111)	-1.751	1.91	7.64	1.157	2.4842	0.71	1.16	4.945	2.28	7.459	1.143	2.704	0.99	3.32	5.078	-1.1844	6.3671	2.5801	8.7842	0.7506
Cu/Ni(111)	-0.7505	1.9	7.726	1.236	2.5652	0.67	1	4.719	1.91	7.64	1.157	2.4842	0.71	1.16	4.945	-2.152	23.1575	4.2439	9.7755	0.8232
Pt/Ni(111)	-1.7218	2.28	8.959	2.125	2.8038	1.04	3.9	5.75	1.91	7.64	1.157	2.4842	0.71	1.16	4.945	-2.0995	16.9606	3.1098	8.4182	1.2777
Pd/Ni(111)	-1.5646	2.2	8.337	0.562	2.7846	0.94	2.78	5.21	1.91	7.64	1.157	2.4842	0.71	1.16	4.945	-2.3781	3.6602	1.8442	8.3881	1.1623
Ir/Ni(111)	-2.2725	2.2	9.121	1.564	2.7388	1.08	4.45	5.489	1.91	7.64	1.157	2.4842	0.71	1.16	4.945	-2.4671	4.5253	1.7995	7.3044	1.5872
Rh/Ni(111)	-1.8779	2.28	7.459	1.143	2.704	0.99	3.32	5.078	1.91	7.64	1.157	2.4842	0.71	1.16	4.945	-1.8601	27.0374	3.7211	7.7066	1.1447
Au(111)	-0.2449	2.54	9.226	2.309	2.9373	1.01	3.35	5.28	2.54	9.226	2.309	2.9373	1.01	3.35	5.28	-3.0046	6.4133	2.5474	8.7194	0.788
Au/Ag/Au(111)	-0.2016	2.54	9.226	2.309	2.9373	1.01	3.35	5.28	1.93	7.576	1.304	2.9261	0.89	2.26	4.427	-3.9641	9.542	2.874	9.4921	0.7079
Au/Cu/Au(111)	-0.3602	2.54	9.226	2.309	2.9373	1.01	3.35	5.28	1.9	7.726	1.236	2.5652	0.67	1	4.719	-2.0438	18.8883	4.3018	9.7499	0.65
Au/Pt/Au(111)	-0.7088	2.54	9.226	2.309	2.9373	1.01	3.35	5.28	2.28	8.959	2.125	2.8038	1.04	3.9	5.75	-1.6896	14.0624	3.1565	8.074	0.9526
Au/Pd/Au(111)	-0.5415	2.54	9.226	2.309	2.9373	1.01	3.35	5.28	2.2	8.337	0.562	2.7846	0.94	2.78	5.21	-1.363	13.061	3.3576	8.6691	0.7303
Au/Rh/Au(111)	-0.6789	2.54	9.226	2.309	2.9373	1.01	3.35	5.28	2.28	7.459	1.143	2.704	0.99	3.32	5.078	-1.1214	5.9964	2.3945	7.1834	0.724
Au/Ni/Au(111)	-0.5993	2.54	9.226	2.309	2.9373	1.01	3.35	5.28	1.91	7.64	1.157	2.4842	0.71	1.16	4.945	-0.7406	15.0105	3.8548	7.84	0.6788
Ag/Au/Ag(111)	-0.1497	1.93	7.576	1.304	2.9261	0.89	2.26	4.427	2.54	9.226	2.309	2.9373	1.01	3.35	5.28	-3.5003	11.412	2.9801	8.8026	0.8853
Ag(111)	-0.1494	1.93	7.576	1.304	2.9261	0.89	2.26	4.427	1.93	7.576	1.304	2.9261	0.89	2.26	4.427	-3.6966	5.151	2.4936	8.686	0.6082
Ag/Cu/Ag(111)	-0.1429	1.93	7.576	1.304	2.9261	0.89	2.26	4.427	1.9	7.726	1.236	2.5652	0.67	1	4.719	-2.0372	82.5997	8.0376	10.5827	0.6552
Ag/Pt/Ag(111)	-0.4886	1.93	7.576	1.304	2.9261	0.89	2.26	4.427	2.28	8.959	2.125	2.8038	1.04	3.9	5.75	-1.8639	8.0961	2.5374	8.2701	1.0067
Ag/Pd/Ag(111)	-0.403	1.93	7.576	1.304	2.9261	0.89	2.26	4.427	2.2	8.337	0.562	2.7846	0.94	2.78	5.21	-1.4254	18.4167	3.6958	8.58	0.782
Ag/Ir/Ag(111)	-0.5669	1.93	7.576	1.304	2.9261	0.89	2.26	4.427	2.2	9.121	1.564	2.7388	1.08	4.45	5.489	-1.2599	7.8332	2.4992	7.1129	1.0574
Ag/Rh/Ag(111)	-0.543	1.93	7.576	1.304	2.9261	0.89	2.26	4.427	2.28	7.459	1.143	2.704	0.99	3.32	5.078	-1.0056	3.3445	2.0367	7.2877	0.7138
Ag/Ni/Ag(111)	-0.4597	1.93	7.576	1.304	2.9261	0.89	2.26	4.427	1.91	7.64	1.157	2.4842	0.71	1.16	4.945	-0.6793	14.0619	3.7056	8.0593	0.699
Cu(111)	-0.6615	1.9	7.726	1.236	2.5652	0.67	1	4.719	1.9	7.726	1.236	2.5652	0.67	1	4.719	-2.1446	23.3774	4.3996	9.3508	0.7481
Cu/Pt/Cu(111)	-0.9427	1.9	7.726	1.236	2.5652	0.67	1	4.719	2.28	8.959	2.125	2.8038	1.04	3.9	5.75	-2.7074	6.096	2.2432	8.6746	1.5186
Cu/Pd/Cu(111)	-0.8701	1.9	7.726	1.236	2.5652	0.67	1	4.719	2.2	8.337	0.562	2.7846	0.94	2.78	5.21	-2.3661	5.294	2.2128	8.5855	1.174
Cu/Ir/Cu(111)	-0.9164	1.9	7.726	1.236	2.5652	0.67	1	4.719	2.2	9.121	1.564	2.7388	1.08	4.45	5.489	-2.1215	6.5049	2.0614	7.0549	1.4515
Cu/Rh/Cu(111)	-1.0285	1.9	7.726	1.236	2.5652	0.67	1	4.719	2.28	7.459	1.143	2.704	0.99	3.32	5.078	-1.6539	2.0952	1.599	7.1471	1.0458
Cu/Ni/Cu(111)	-0.8297	1.9	7.726	1.236	2.5652	0.67	1	4.719	1.91	7.64	1.157	2.4842	0.71	1.16	4.945	-0.9541	11.2258	3.1454	8.1032	0.8751
Pt/Au/Pt(111)	-1.6211	2.28	8.959	2.125	2.8038	1.04	3.9	5.75	2.54	9.226	2.309	2.9373	1.01	3.35	5.28	-3.3714	2.5399	1.817	8.7674	0.9307
Pt/Ag/Pt(111)	-1.4297	2.28	8.959	2.125	2.8038	1.04	3.9	5.75	1.93	7.576	1.304	2.9261	0.89	2.26	4.427	-3.4912	7.9287	2.7261	8.9901	0.6982
Pt/Cu/Pt(111)	-1.2294	2.28	8.959	2.125	2.8038	1.04	3.9	5.75	1.9	7.726	1.236	2.5652	0.67	1	4.719	-1.8032	7.2881	2.7245	9.3755	0.7365
Pt(111)	-1.5776	2.28	8.959	2.125	2.8038	1.04	3.9	5.75	2.28	8.959	2.125	2.8038	1.04	3.9	5.75	-1.8793	3.3998	1.8534	8.2031	1.0712
Pt/Pd/Pt(111)	-1.5979	2.28	8.959	2.125	2.8038	1.04	3.9	5.75	2.2	8.337	0.562	2.7846	0.94	2.78	5.21	-1.9521	2.3404	1.7199	8.4658	0.929
Pt/Ir/Pt(111)	-1.4672	2.28	8.959	2.125	2.8038	1.04	3.9	5.75	2.2	9.121	1.564	2.7388	1.08	4.45	5.489	-2.094	4.3229	1.9576	6.7948	1.208
Pt/Rh/Pt(111)	-1.4335	2.28	8.959	2.125	2.8038	1.04	3.9	5.75	2.28	7.459	1.143	2.704	0.99	3.32	5.078	-1.782	7.8631	2.1835	7.1203	0.9499
Pt/Ni/Pt(111)	-1.2726	2.28	8.959	2.125	2.8038	1.04	3.9	5.75	1.91	7.64	1.157	2.4842	0.71	1.16	4.945	-1.2085	7.0465	2.618	8.0455	0.8096
Pd/Au/Pd(111)	-1.3997	2.2	8.337	0.562	2.7846	0.94	2.78	5.21	2.54	9.226	2.309	2.9373	1.01	3.35	5.28	-3.2072	3.0601	1.9041	8.8591	0.9505
Pd/Ag/Pd(111)	-1.2608	2.2	8.337	0.562	2.7846	0.94	2.78	5.21	1.93	7.576	1.304	2.9261	0.89	2.26	4.427	-3.4754	23.8932	3.9728	9.0804	0.7879
Pd/Cu/Pd(111)	-1.1498	2.2	8.337	0.562	2.7846	0.94	2.78	5.21	1.9	7.726	1.236	2.5652	0.67	1	4.719	-1.5471	9.0187	2.8744	9.6238	0.6987
Pd/Pt/Pd(111)	-1.4705	2.2	8.337	0.562	2.7846	0.94	2.78	5.21	2.28	8.959	2.125	2.8038	1.04	3.9	5.75	-2.1348	2.1755	1.6934	7.9996	1.1921
Pd(111)	-1.4403	2.2	8.337	0.562	2.7846	0.94	2.78	5.21	2.2	8.337	0.562	2.7846	0.94	2.78	5.21	-1.4543	1.6041	1.6619	8.2206	0.7625
Pd/Ir/Pd(111)	-1.5223	2.2	8.337	0.562	2.7846	0.94	2.78	5.21	2.2	9.121	1.564	2.7388	1.08	4.45	5.489	-1.9547	3.7541	1.872	6.7734	1.2392
Pd/Rh/Pd(111)	-1.3732	2.2	8.337	0.562	2.7846	0.94	2.78	5.21	2.28	7.459	1.143	2.704	0.99	3.32	5.078	-1.5957	1.2775	1.4483	6.9425	0.8764
Pd/Ni/Pd(111)	-1.1549	2.2	8.337	0.562	2.7846	0.94	2.78	5.21	1.91	7.64	1.157	2.4842	0.71	1.16	4.945	-1.2146	6.893	2.5388	8.4631	0.7961
Ir/Au/Ir(111)	-2.1293	2.2	9.121	1.564	2.7388	1.08	4.45	5.489	2.54	9.226	2.309	2.9373	1.01	3.35	5.28	-3.8721	7.5737	2.4434	8.9586	1.0503
Ir/Ag/Ir(111)	-1.9876	2.2	9.121	1.564	2.7388	1.08	4.45	5.489	1.93	7.576	1.304	2.9261	0.89	2.26	4.427	-3.9792	7.982	2.7161	9.6398	0.8314
Ir/Cu/Ir(111)	-1.8851	2.2	9.121	1.564	2.7388	1.08	4.45	5.489	1.9	7.726	1.236	2.5652	0.67	1	4.719	-2.3026	10.2791	3.0753	8.5638	0.8084
Ir/Pt/Ir(111)	-2.2432	2.2	9.121	1.564	2.7388	1.08	4.45	5.489	2.28	8.959	2.125	2.8038	1.04	3.9	5.75	-3.0574	0.6112	1.1756	7.9795	1.3274
Ir/Pd/Ir(111)	-2.078	2.2	9.121	1.564	2.7388	1.08	4.45	5.489	2.2	8.337	0.562	2.7846	0.94	2.78	5.21	-2.5261	3.8313	1.8245	8.4352	1.0499
Ir(111)	-1.8919	2.2	9.121	1.564	2.7388	1.08	4.45	5.489	2.2	9.121	1.564	2.7388	1.08	4.45	5.489	-2.0314	6.1902	1.9618	6.6453	1.1915
Ir/Rh/Ir(111)	-1.9009	2.2	9.121	1.564	2.7388	1.08	4.45	5.489	2.28	7.459	1.143	2.704	0.99	3.32	5.078	-2.3154	2.0959	1.578	7.3093	1.1315
Ir/Ni/Ir(111)	-1.7587	2.2	9.121	1.564	2.7388	1.08	4.45	5.489	1.91	7.64	1.157	2.4842	0.71	1.16	4.945	-1.3611	10.0916	2.8629	8.074	0.9336
Rh/Au/Rh(111)	-2.152	2.28	7.459	1.143	2.704	0.99	3.32	5.078	2.54	9.226	2.309	2.9373	1.01	3.35	5.28	-3.7595	2.5272	1.7793	8.7897	1.0734
Rh/Ag/Rh(111)	-2.0977	2.28	7.459	1.143	2.704	0.99	3.32	5.078	1.93	7.576	1.304	2.9261	0.89	2.26	4.427	-3.9374	4.2232	2.1836	9.3083	0.8421
Rh/Cu/Rh(111)	-1.8948	2.28	7.459	1.143	2.704	0.99	3.32	5.078	1.9	7.726	1.236	2.5652	0.67	1	4.719	-2.1461	11.3887	3.1552	9.3323	0.801
Rh/Pt/Rh(111)	-2.1228	2.28	7.459	1.143	2.704	0.99	3.32	5.078	2.28	8.959	2.125	2.8038	1.04	3.9	5.75	-2.9065	2.0927	1.5055	8.0999	1.34
Rh/Pd/Rh(111)	-2.0966	2.28	7.459	1.143	2.704	0.99	3.32	5.078	2.2	8.337	0.562	2.7846	0.94	2.78	5.21	-2.3695	1.5705	1.4168	8.2661	1.053
Rh/Ir/Rh(111)	-1.977	2.28	7.459	1.143	2.704	0.99	3.32	5.078	2.2	9.121	1.564	2.7388	1.08	4.45	5.489	-2.4634	8.3273	2.2496	6.8507	1.3866
Rh(111)	-1.9832	2.28	7.459	1.143	2.704	0.99	3.32	5.078	2.28	7.459	1.143	2.704	0.99	3.32	5.078	-1.6582	1.716	1.5093	7.0243	0.8475
Rh/Ni/Rh(111)	-1.8404	2.28	7.459	1.143	2.704	0.99	3.32	5.078	1.91	7.64	1.157	2.4842	0.71	1.16	4.945	-1.4233	3.4456	1.9484	8.0319	0.9106
Ni/Cu/Ni(111)	-1.5241	1.91	7.64	1.157	2.4842	0.71	1.16	4.945	1.9	7.726	1.236	2.5652	0.67	1	4.719	-2.1992	15.1897	3.4232	9.5877	0.8852
Ni/Pd/Ni(111)	-1.6436	1.91	7.64	1.157	2.4842	0.71	1.16	4.945	2.2	8.337	0.562	2.7846	0.94	2.78	5.21	-2.7323	0.9727	1.3881	8.6732	1.3452
Ni/Rh/Ni(111)	-2.113	1.91	7.64	1.157	2.4842	0.71	1.16	4.945	2.28	7.459	1.143	2.704	0.99	3.32	5.078	-2.3818	0.8269	1.1639	7.5245	1.2712
Ni(111)	-1.5342	1.91	7.64	1.157	2.4842	0.71	1.16	4.945	1.91	7.64	1.157	2.4842	0.71	1.16	4.945	-1.1714	7.8031	2.6624	8.3532	0.8799
